4860 775
4861 3
4862 6
4862 2092
4863 9
4863 2483
4864 11
4865 402
4865 502
4865 520
4866 18
4866 246
4867 22
4867 272
4868 26
4868 538
4869 37
4869 42
4869 86
4869 95
4869 115
4869 118
4869 127
4869 132
4869 141
4869 142
4869 156
4869 159
4869 286
4869 302
4869 516
4869 533
4869 551
4870 258
4870 1525
4871 51
4871 601
4872 54
4872 179
4872 311
4874 71
4874 1169
4874 1299
4874 2562
4875 74
4875 3433
4876 76
4876 1899
4876 3202
4877 85
4877 143
4878 1290
4878 1291
4880 96
4880 223
4881 99
4881 128
4881 456
4882 101
4882 283
4883 137
4883 1282
4883 3516
4884 144
4884 430
4884 446
4884 498
4885 151
4885 274
4886 155
4886 173
4886 264
4887 155
4887 264
4888 158
4888 172
4890 165
4890 184
4891 169
4891 255
4891 564
4891 2812
4892 173
4893 182
4893 195
4893 304
4894 201
4894 557
4896 245
4896 270
4896 3999
4897 273
4898 215
4898 567
4898 662
4898 695
4898 711
4898 732
4898 745
4898 748
4898 760
4898 813
4898 832
4898 834
4898 863
4898 927
4898 953
4898 1090
4898 2407
4898 2655
4898 2698
4898 2753
4898 2763
4898 2797
4898 2821
4898 2836
4898 2850
4899 219
4899 1293
4900 225
4900 2589
4901 239
4901 3421
4902 249
4902 295
4903 257
4903 2335
4903 4566
4904 260
4904 509
4904 623
4904 1969
4905 262
4905 265
4906 284
4906 348
4907 300
4907 2133
4907 3875
4907 4083
4909 1581
4910 2615
4910 2635
4910 2650
4910 2796
4911 581
4912 321
4912 932
4912 1522
4912 3110
4912 3201
4912 3283
4912 3300
4912 3303
4912 4261
4912 4466
4912 4661
4913 1328
4913 1331
4913 1339
4913 1344
4913 1812
4913 1820
4913 1825
4913 1853
4913 1868
4913 1871
4913 1877
4913 1883
4913 1890
4913 1894
4913 2041
4913 3625
4913 3654
4913 3661
4913 3664
4913 3665
4913 3727
4913 4369
4914 337
4914 380
4914 2249
4915 343
4915 3564
4915 4479
4915 4570
4915 4648
4915 4723
4915 4818
4916 2199
4916 2221
4917 2807
4917 3332
4918 352
4918 419
4919 353
4919 432
4919 461
4919 2230
4919 2432
4919 2629
4919 3563
4919 3798
4919 3870
4919 3967
4919 4322
4919 4430
4919 4462
4919 4508
4919 4560
4919 4601
4919 4620
4919 4683
4919 4686
4919 4715
4919 4741
4919 4743
4919 4780
4919 4803
4919 4852
4920 4386
4921 545
4922 369
4922 408
4923 371
4923 1337
4924 2380
4924 2492
4924 2513
4924 2813
4925 420
4925 477
4925 593
4926 426
4926 427
4926 702
4926 899
4926 928
4927 433
4927 644
4927 670
4927 694
4927 707
4927 716
4927 739
4927 761
4927 773
4927 792
4927 817
4927 923
4927 936
4927 1068
4927 1099
4927 2443
4927 2482
4927 2485
4927 2502
4927 2749
4927 2858
4928 434
4928 476
4929 443
4929 534
4930 445
4930 3545
4930 3580
4930 3641
4930 3885
4931 445
4931 3570
4931 3733
4931 4129
4931 4272
4931 4311
4931 4475
4931 4525
4931 4567
4931 4571
4931 4572
4931 4573
4931 4627
4931 4651
4931 4667
4931 4674
4931 4680
4931 4701
4931 4702
4931 4709
4931 4710
4931 4719
4931 4749
4931 4791
4932 458
4932 464
4933 459
4934 482
4934 868
4934 949
4934 2298
4935 491
4936 492
4936 506
4937 497
4937 588
4937 3586
4937 3608
4937 3659
4937 4510
4938 499
4939 507
4939 4160
4939 4629
4939 4633
4939 4808
4940 512
4940 4072
4940 4109
4940 4231
4940 4256
4940 4282
4940 4325
4940 4348
4940 4356
4940 4364
4940 4396
4940 4413
4940 4421
4940 4465
4940 4467
4940 4472
4940 4481
4940 4484
4940 4488
4940 4491
4940 4520
4940 4523
4940 4532
4940 4595
4940 4598
4940 4600
4940 4645
4940 4734
4940 4761
4940 4774
4940 4802
4940 4815
4940 4830
4940 4856
4941 1737
4942 519
4942 2100
4943 525
4943 1507
4943 1959
4943 1967
4943 2091
4943 3102
4943 3224
4943 3317
4943 3442
4943 4551
4943 4809
4944 848
4944 941
4944 2488
4944 2762
4945 527
4945 622
4945 2915
4945 3192
4945 3267
4945 3662
4945 3666
4945 3668
4945 3690
4946 528
4946 1318
4947 588
4948 541
4948 1810
4948 1824
4948 1937
4948 2160
4948 2168
4948 3239
4948 3250
4948 3256
4948 3311
4949 544
4949 2795
4949 2852
4950 546
4951 547
4951 942
4951 3227
4951 3231
4951 3325
4951 3474
4951 3526
4951 3658
4951 3677
4951 4789
4952 552
4953 558
4953 559
4953 3947
4954 570
4954 2463
4954 2604
4955 572
4955 2299
4955 2321
4956 576
4958 579
4958 704
4958 736
4958 774
4958 875
4958 909
4958 1025
4958 1040
4958 1098
4958 2613
4959 591
4960 2002
4960 2008
4960 2045
4962 602
4962 624
4963 612
4963 614
4964 615
4964 2427
4964 2681
4964 2805
4965 626
4965 647
4966 627
4966 633
4967 628
4967 814
4968 631
4968 1073
4969 640
4969 1384
4969 1434
4969 2076
4970 642
4970 958
4970 1027
4971 651
4971 684
4972 652
4972 690
4972 730
4972 737
4972 843
4972 937
4972 946
4972 1043
4972 1139
4972 2386
4972 2723
4972 4283
4972 4619
4973 655
4973 686
4974 656
4974 715
4974 717
4974 1059
4975 664
4975 671
4975 677
4975 680
4975 720
4975 775
4976 665
4976 668
4977 675
4977 676
4977 683
4977 687
4978 678
4978 747
4978 1112
4979 679
4979 692
4979 728
4979 731
4979 766
4979 811
4979 896
4979 913
4979 990
4979 1018
4979 1130
4980 681
4980 744
4980 881
4980 2417
4980 2569
4981 682
4981 701
4981 727
4981 898
4981 904
4982 685
4983 688
4983 1127
4984 693
4984 740
4984 784
4984 854
4984 952
4984 2422
4984 2433
4984 2706
4985 697
4985 2383
4986 699
4986 861
4986 882
4986 906
4986 948
4986 1026
4986 1132
4986 1580
4986 2254
4987 700
4987 705
4987 746
4987 753
4987 790
4987 972
4987 1135
4987 2848
4988 703
4988 1089
4989 708
4989 752
4989 758
4989 778
4989 791
4989 810
4989 826
4989 842
4989 869
4989 888
4989 917
4989 955
4989 988
4989 1070
4989 1128
4989 1549
4989 1904
4989 2056
4989 2377
4989 2597
4989 2608
4989 2808
4989 2817
4989 4107
4989 4115
4989 4213
4990 712
4990 859
4991 718
4991 765
4991 2415
4991 2824
4991 2832
4993 721
4993 1031
4994 749
4994 781
4994 786
4994 801
4994 816
4994 837
4994 865
4995 755
4995 836
4996 756
4996 1102
4997 763
4997 802
4997 821
4997 855
4997 975
4998 769
4998 799
4998 825
4999 776
4999 787
4999 804
4999 833
4999 850
4999 887
4999 920
4999 925
4999 1085
4999 1097
4999 2368
4999 2411
4999 2418
4999 2444
4999 2461
4999 2464
4999 2473
4999 2525
5000 783
5000 829
5001 793
5001 973
5001 1714
5001 1986
5001 2292
5001 2306
5001 2326
5001 2346
5002 796
5002 981
5003 803
5003 856
5003 870
5003 1533
5004 806
5004 809
5004 815
5004 828
5004 907
5005 820
5005 987
5005 2363
5005 2601
5005 2784
5006 823
5006 824
5006 831
5006 858
5006 867
5006 880
5006 908
5006 1091
5006 1092
5007 835
5007 1015
5007 1052
5008 838
5008 878
5009 839
5009 844
5010 841
5010 852
5010 890
5010 900
5010 959
5010 968
5010 986
5010 1037
5010 1057
5010 1118
5010 2365
5011 851
5011 1065
5012 857
5012 911
5012 921
5012 951
5012 964
5012 1035
5012 1048
5012 1122
5013 876
5013 985
5014 884
5014 934
5015 886
5015 1137
5015 2541
5015 2546
5016 891
5016 1077
5017 892
5017 919
5018 902
5018 918
5019 924
5019 1024
5019 2358
5020 930
5020 1614
5021 931
5021 1056
5022 938
5022 1064
5023 956
5023 1007
5023 1055
5024 965
5024 1069
5025 969
5025 999
5025 1114
5026 971
5026 1017
5027 976
5027 1145
5027 1201
5027 1512
5027 1729
5027 1756
5027 1760
5027 2024
5027 2031
5027 2040
5027 2141
5027 2144
5027 4247
5028 977
5028 992
5029 995
5029 1014
5030 1001
5030 1016
5031 1002
5031 1053
5032 1010
5032 1028
5033 1054
5033 1071
5034 1063
5034 1079
5035 1068
5035 1099
5036 1074
5037 1082
5037 1087
5038 1093
5038 1107
5039 1094
5039 1110
5040 1145
5040 1201
5042 1149
5042 1506
5044 1776
5044 1789
5044 1849
5044 2177
5044 2261
5044 3724
5045 1153
5047 1157
5047 1173
5048 1747
5048 2929
5048 3138
5048 3166
5048 3335
5048 3388
5048 3393
5049 1934
5049 3215
5049 3222
5051 1173
5053 1340
5053 1342
5053 1875
5053 2229
5053 2232
5053 2233
5053 2236
5055 1190
5055 1458
5055 1489
5055 2063
5056 1206
5056 1208
5057 1206
5057 1208
5058 3375
5060 1217
5060 1221
5061 2131
5062 1219
5062 2317
5064 1233
5064 1234
5064 1236
5065 1233
5065 1234
5065 1236
5065 1872
5065 1921
5065 1923
5065 2328
5067 1246
5067 1450
5068 1879
5068 3376
5069 1341
5070 2196
5071 2222
5073 1271
5074 1671
5076 1303
5076 3221
5077 4822
5079 1328
5079 1331
5079 1339
5079 1344
5080 1340
5080 1342
5083 1360
5083 1371
5083 1430
5084 1360
5084 1371
5085 1363
5085 1369
5086 1368
5086 4807
5088 3626
5088 3679
5088 3683
5089 1524
5090 2356
5091 1413
5091 1414
5092 1413
5092 1414
5092 1782
5093 1418
5093 1420
5093 1433
5094 1418
5094 1420
5094 1433
5094 1462
5094 1588
5094 4046
5094 4813
5095 2159
5095 2764
5096 1421
5096 1439
5097 1421
5097 1439
5098 1430
5098 1754
5099 1438
5099 1451
5099 1452
5100 1438
5100 1451
5100 1452
5101 1440
5101 1961
5102 1457
5102 2257
5102 2259
5102 2265
5103 1466
5103 4237
5103 4238
5103 4240
5103 4241
5103 4269
5103 4276
5103 4320
5103 4329
5103 4423
5103 4449
5103 4474
5103 4482
5103 4485
5103 4496
5103 4575
5103 4631
5103 4657
5103 4689
5103 4744
5103 4796
5103 4800
5104 1806
5105 3227
5106 1478
5106 1623
5107 1496
5107 1501
5108 1496
5108 1501
5109 2134
5109 2135
5110 1507
5110 2091
5111 1519
5111 3442
5112 1519
5112 3364
5113 1521
5113 1838
5114 3395
5114 3506
5115 1741
5116 1530
5116 1784
5116 2350
5117 2347
5119 1551
5119 1648
5121 1563
5121 1579
5122 1563
5122 1579
5123 1564
5123 1842
5125 1580
5125 1581
5126 1623
5126 2325
5127 1626
5127 1831
5128 1630
5128 1678
5129 2172
5130 1863
5130 1865
5130 3244
5133 2108
5137 2215
5140 1729
5140 1756
5140 1760
5140 2261
5141 1741
5141 1747
5142 1748
5142 1950
5143 1765
5143 2421
5144 2301
5145 1776
5145 1789
5146 1782
5146 1785
5147 1786
5147 2391
5149 1801
5149 2129
5150 1810
5150 1937
5151 1812
5151 1820
5151 1825
5151 1853
5151 1868
5151 1871
5151 1877
5151 1883
5151 1890
5151 1892
5151 1894
5152 1824
5152 3250
5152 3311
5154 3425
5155 1841
5155 1848
5156 1841
5156 1848
5157 1845
5157 1852
5157 1864
5158 1845
5158 1852
5158 1864
5159 1859
5159 1898
5160 3567
5161 1863
5161 1865
5162 1872
5162 1875
5163 1905
5163 1906
5164 1917
5164 1938
5165 1917
5165 1938
5166 1921
5166 1923
5166 1934
5167 1936
5167 1968
5167 2339
5168 2078
5168 2955
5168 2974
5169 1959
5169 3360
5169 3364
5170 2066
5171 1985
5171 2378
5171 2397
5172 4830
5174 3047
5174 3182
5174 3234
5175 2002
5175 2008
5175 2045
5176 2005
5176 2029
5177 3255
5178 2021
5179 2024
5179 2031
5179 2040
5180 2025
5180 2440
5181 2047
5181 4521
5181 4664
5181 4665
5181 4722
5182 2067
5182 2068
5182 2304
5183 2075
5183 2246
5184 2081
5184 2083
5185 2081
5185 2083
5185 2374
5186 2106
5186 2111
5187 2114
5187 2540
5188 3500
5189 2134
5189 2135
5190 2141
5190 2144
5191 2499
5192 2160
5192 2168
5192 2177
5194 2172
5194 2335
5196 2192
5196 2196
5196 2222
5196 2230
5197 3205
5198 2199
5198 2221
5199 2212
5199 2743
5199 2750
5200 2215
5201 2229
5201 2232
5201 2233
5201 2236
5202 2257
5202 2259
5202 2265
5203 2264
5203 2288
5204 2270
5204 2291
5205 2298
5205 2301
5206 2302
5206 3531
5207 2327
5208 2342
5208 2343
5210 2360
5210 2773
5211 2361
5211 2366
5212 2370
5212 2732
5212 2759
5213 2381
5213 2387
5213 2430
5213 2500
5213 2509
5213 2515
5213 2654
5213 2694
5213 2699
5214 2382
5214 2400
5214 2419
5214 2425
5214 2455
5214 2472
5214 2503
5214 2535
5214 2636
5215 2384
5215 2869
5216 2405
5216 2558
5217 2429
5217 2496
5217 2542
5217 2573
5217 3573
5217 3699
5217 3726
5217 3748
5217 3773
5217 3804
5217 3823
5217 3859
5217 3867
5217 3919
5217 3985
5217 4047
5217 4086
5217 4102
5217 4114
5217 4176
5217 4227
5217 4243
5217 4245
5217 4288
5217 4321
5217 4382
5217 4389
5217 4398
5217 4402
5217 4452
5217 4463
5217 4490
5217 4500
5217 4536
5217 4591
5217 4607
5217 4625
5217 4628
5217 4642
5217 4647
5217 4663
5217 4671
5217 4681
5217 4712
5217 4740
5217 4760
5217 4768
5217 4817
5217 4840
5217 4845
5217 4846
5218 2431
5218 2435
5219 2434
5219 2442
5219 2588
5220 2437
5220 2497
5220 2510
5220 2670
5221 2445
5221 2448
5222 2457
5222 2767
5223 2459
5223 2486
5223 2494
5224 2547
5224 2548
5225 2564
5225 2862
5226 2572
5226 2844
5226 3013
5226 3116
5226 3147
5227 2598
5227 2663
5228 2607
5228 2714
5229 2628
5229 2693
5230 2666
5230 2851
5231 2669
5231 2687
5231 2865
5232 2711
5232 2847
5232 3642
5232 4011
5233 2712
5233 2742
5234 2739
5235 3587
5235 3603
5235 3695
5235 3990
5235 4577
5236 2765
5236 2768
5237 2778
5237 4344
5237 4366
5237 4371
5237 4403
5237 4406
5237 4408
5237 4445
5237 4834
5237 4837
5237 4851
5238 2782
5238 2876
5238 2891
5238 2896
5238 2898
5238 2907
5238 2992
5238 3022
5238 3081
5238 3119
5238 3383
5239 2783
5239 2856
5239 4218
5239 4252
5239 4263
5239 4273
5239 4292
5239 4304
5239 4324
5239 4338
5239 4441
5239 4446
5239 4494
5239 4514
5239 4531
5239 4585
5239 4615
5239 4621
5239 4646
5239 4659
5239 4684
5239 4850
5240 2804
5240 4293
5240 4346
5240 4444
5240 4554
5240 4618
5240 4652
5240 4666
5240 4688
5240 4708
5240 4777
5240 4804
5241 3716
5241 3723
5241 3734
5241 3736
5241 3741
5241 3747
5241 3756
5241 3760
5241 3766
5241 3781
5241 3784
5241 3790
5241 3792
5241 3805
5241 3825
5241 3841
5241 3850
5241 3883
5241 3895
5241 3917
5241 3963
5241 3991
5241 4411
5241 4414
5241 4415
5241 4417
5241 4455
5241 4458
5241 4468
5241 4470
5241 4492
5241 4497
5241 4505
5241 4506
5241 4507
5241 4537
5241 4626
5241 4662
5241 4669
5241 4672
5241 4675
5241 4678
5241 4698
5241 4699
5241 4700
5241 4718
5241 4721
5241 4729
5241 4753
5241 4773
5241 4835
5241 4836
5242 2871
5242 3129
5242 3130
5242 3167
5242 3223
5242 3237
5242 3264
5242 3269
5242 3314
5242 3377
5242 3411
5242 3414
5242 3494
5242 3508
5243 2874
5243 3307
5244 2875
5244 2881
5244 2883
5244 2906
5244 2909
5244 2910
5244 2913
5244 2927
5244 2935
5244 3007
5244 3014
5244 3017
5244 3028
5244 3034
5244 3049
5244 3071
5244 3089
5244 3096
5244 3099
5244 3119
5244 3133
5244 3155
5244 3159
5244 3181
5244 3219
5244 3248
5244 3342
5244 3350
5244 3400
5244 3415
5244 3481
5244 3510
5245 2877
5245 3370
5245 3512
5246 2878
5246 2879
5246 3058
5246 3079
5246 3144
5246 3162
5246 3247
5246 3251
5247 2880
5247 2894
5247 2986
5248 2989
5248 2994
5248 2996
5248 3055
5248 3452
5248 3453
5249 2976
5249 3023
5249 3046
5249 3281
5249 3297
5249 3377
5250 2932
5250 2965
5250 2979
5250 2982
5250 2984
5250 3000
5250 3050
5250 3105
5250 3127
5250 3177
5250 3226
5250 3235
5250 3272
5250 3298
5250 3368
5251 3242
5251 3307
5251 3326
5251 3328
5251 3384
5254 2891
5254 2894
5254 2896
5254 2898
5254 2907
5255 2895
5255 2897
5255 2900
5255 2906
5255 2909
5255 2910
5255 2913
5255 2918
5255 2920
5255 2932
5256 2895
5256 2920
5256 3245
5256 3330
5257 2897
5257 2900
5257 2918
5257 3353
5258 2899
5258 2953
5258 3015
5259 2903
5259 3000
5260 2904
5260 3349
5261 2904
5261 2952
5261 3040
5261 3070
5261 3093
5261 3152
5261 3287
5262 3354
5263 2917
5263 3100
5264 3360
5264 3376
5265 2975
5266 3084
5266 3188
5266 3417
5266 3596
5266 4420
5266 4825
5266 4829
5267 2938
5267 2947
5268 2941
5268 2944
5269 2941
5269 3076
5270 2972
5270 3228
5271 3187
5272 2958
5272 3026
5272 3094
5273 3035
5273 3036
5273 3358
5273 3389
5273 3414
5273 3464
5273 3971
5274 2961
5275 2964
5275 2966
5275 2969
5275 3358
5276 2964
5276 2966
5276 2969
5276 3114
5276 3191
5276 3394
5277 2965
5277 2972
5277 3141
5277 3192
5277 3200
5277 3313
5278 2974
5278 2979
5278 2982
5278 2984
5279 2978
5280 2980
5280 3253
5281 3275
5281 3506
5282 2989
5282 2994
5282 2996
5282 3452
5282 3453
5283 2990
5283 2991
5283 3076
5284 2991
5284 3101
5285 2992
5285 3616
5286 2997
5286 3496
5287 3271
5287 3333
5287 3334
5287 4538
5287 4769
5288 3220
5289 3002
5289 3009
5291 3008
5291 3505
5292 3010
5292 3014
5292 3017
5292 3039
5292 3200
5293 3010
5293 3421
5294 3018
5294 3019
5294 3321
5295 3018
5295 3019
5295 3321
5296 3021
5296 3025
5297 3021
5297 3025
5297 3423
5297 3514
5297 3522
5298 3022
5298 3028
5299 3029
5299 3318
5299 3319
5300 3119
5301 3040
5301 3049
5302 3042
5303 3495
5305 3064
5306 3066
5306 3214
5307 3103
5307 3137
5307 3191
5308 3104
5308 3154
5308 3170
5308 3176
5308 3203
5309 3107
5309 3109
5309 3254
5310 3111
5310 3276
5310 3305
5310 3509
5311 3117
5311 3480
5312 3124
5312 3132
5313 3129
5313 3130
5314 3131
5314 3502
5315 3141
5315 3208
5316 3163
5316 3179
5316 3192
5316 3274
5316 3492
5317 3173
5317 3177
5317 3375
5317 3376
5318 3174
5319 3183
5319 3402
5320 3233
5320 3358
5320 3440
5320 3523
5320 3524
5321 3238
5321 3240
5322 3241
5322 3532
5323 3268
5323 3278
5323 3329
5324 3280
5324 3448
5324 3519
5325 3434
5325 3517
5326 3323
5326 3511
5327 3310
5327 3457
5327 3458
5328 3322
5328 3527
5329 3324
5330 3332
5330 3333
5330 3334
5330 3335
5331 3368
5331 3387
5332 3353
5332 3441
5333 3354
5333 3366
5333 3370
5334 4017
5335 3380
5335 3383
5335 3384
5336 3387
5336 3390
5336 3434
5337 3388
5337 3389
5338 3394
5338 3521
5339 3441
5339 3449
5340 3443
5340 3719
5341 3454
5341 3455
5342 3475
5343 3477
5343 3485
5344 3479
5344 3487
5345 3482
5345 3489
5346 3551
5346 3555
5347 3565
5347 4274
5348 3569
5348 3916
5349 3571
5349 3646
5350 3575
5350 4119
5351 3576
5351 3578
5351 3579
5351 3582
5351 3598
5351 3635
5351 4511
5351 4512
5352 3577
5352 3652
5352 3655
5352 3975
5353 3585
5353 3587
5353 3588
5353 3589
5354 3591
5354 3592
5355 3595
5355 4724
5356 3599
5356 3863
5356 4299
5356 4617
5356 4639
5356 4660
5356 4826
5357 3600
5357 3605
5357 3613
5357 3617
5357 3787
5357 3802
5357 4171
5357 4543
5357 4557
5357 4561
5357 4711
5358 3603
5358 3633
5359 3604
5359 3645
5359 3653
5359 3713
5360 3612
5360 3990
5361 3620
5361 4310
5362 3627
5362 4002
5362 4489
5363 4124
5363 4509
5363 4530
5363 4555
5363 4587
5363 4588
5363 4692
5363 4694
5363 4696
5363 4736
5363 4757
5364 3632
5364 3856
5364 4071
5364 4387
5365 3640
5365 3778
5365 4422
5366 3648
5366 3649
5367 3651
5367 4340
5368 3657
5368 4838
5369 3663
5369 3691
5369 4447
5369 4635
5369 4707
5370 3670
5370 3675
5370 4352
5371 3682
5371 3696
5371 4247
5371 4471
5372 3685
5372 3692
5373 3695
5373 3701
5373 3720
5373 3735
5374 3698
5374 4249
5375 3708
5375 3732
5376 3711
5376 3714
5377 3731
5377 3789
5378 3749
5378 4752
5379 3750
5379 4745
5380 3751
5380 3826
5381 3752
5381 4735
5382 3753
5382 3765
5383 3757
5383 3893
5383 4637
5384 3768
5384 3780
5384 4172
5385 3772
5385 4345
5385 4377
5386 3775
5386 3800
5387 3776
5387 4126
5388 3796
5388 3827
5389 3806
5389 4042
5390 3808
5390 4798
5391 3809
5391 3816
5392 3818
5392 3948
5392 4050
5393 3820
5393 3898
5394 3832
5394 4149
5394 4230
5394 4727
5394 4819
5395 3834
5395 3861
5395 3874
5395 4039
5395 4040
5395 4055
5395 4139
5396 3836
5396 4634
5397 3837
5397 3862
5398 3852
5398 3857
5399 3858
5399 3923
5400 3869
5400 3881
5401 3871
5401 4185
5401 4604
5402 3872
5402 3886
5403 3873
5403 3988
5404 3887
5404 3896
5405 3892
5405 3956
5406 3894
5406 3913
5407 3900
5407 3915
5407 3922
5408 3906
5408 4436
5409 3928
5409 3964
5410 3932
5410 3935
5410 3976
5410 3987
5411 3938
5411 4361
5411 4596
5411 4747
5412 3942
5412 3945
5413 3951
5413 4057
5413 4312
5413 4614
5414 3953
5414 3969
5414 4077
5414 4842
5415 3959
5415 3989
5416 3980
5416 3997
5416 4013
5416 4019
5417 3992
5417 4565
5418 3996
5418 3999
5419 4007
5419 4579
5419 4580
5419 4581
5420 4010
5420 4060
5420 4132
5421 4012
5421 4068
5422 4022
5422 4025
5423 4031
5423 4035
5423 4036
5423 4038
5423 4054
5424 4043
5424 4270
5425 4066
5425 4117
5426 4075
5426 4198
5426 4199
5426 4200
5427 4079
5427 4513
5427 4563
5427 4778
5428 4096
5428 4168
5429 4104
5429 4110
5430 4125
5430 4658
5430 4703
5431 4135
5431 4303
5432 4148
5432 4459
5433 4150
5433 4154
5433 4156
5433 4159
5433 4163
5433 4323
5433 4589
5433 4756
5434 4151
5434 4166
5435 4157
5435 4770
5436 4170
5436 4226
5437 4177
5437 4180
5437 4188
5438 4187
5438 4193
5439 4196
5439 4203
5440 4209
5440 4215
5441 4218
5441 4782
5442 4220
5442 4274
5442 4362
5443 4242
5443 4821
5444 4250
5444 4286
5445 4258
5445 4260
5446 4280
5446 4767
5447 4289
5447 4305
5448 4297
5449 4326
5449 4330
5449 4331
5450 4334
5450 4351
5451 4379
5451 4380
5451 4381
5451 4454
5452 4384
5452 4654
5453 4392
5453 4728
5454 4409
5454 4643
5455 4410
5455 4820
5456 4426
5456 4476
5457 4438
5457 4533
5457 4569
5457 4730
5457 4841
5458 4453
5458 4456
5459 4460
5459 4668
5460 4461
5460 4546
5461 4477
5461 4504
5462 4493
5462 4516
5463 4512
5463 4569
5464 4517
5464 4526
5465 4524
5465 4528
5465 4559
5466 4527
5466 4529
5466 4535
5466 4605
5467 4556
5467 4564
5468 4577
5468 4586
5469 4603
5469 4606
5470 4609
5470 4610
5471 4679
5471 4687
5471 4697
5472 4695
5472 4705
5473 4739
5473 4750
5474 4797
5474 4799
5474 4801
5475 4803
5475 4828
5475 4833
5476 4811
5476 4814
5477 4823
5478 4831
5478 4832
5479 4854
5479 4859
