3 4861
6 4862
9 4863
11 4864
18 4866
22 4867
26 4868
37 4869
42 4869
51 4871
54 4872
71 4874
74 4875
76 4876
85 4877
86 4869
95 4869
96 4880
99 4881
101 4882
115 4869
118 4869
127 4869
128 4881
132 4869
137 4883
141 4869
142 4869
143 4877
144 4884
151 4885
155 4886
155 4887
156 4869
158 4888
159 4869
165 4890
169 4891
172 4888
173 4886
173 4892
179 4872
182 4893
184 4890
195 4893
201 4894
215 4898
219 4899
223 4880
225 4900
239 4901
245 4896
246 4866
249 4902
255 4891
257 4903
258 4870
260 4904
262 4905
264 4886
264 4887
265 4905
270 4896
272 4867
273 4897
274 4885
283 4882
284 4906
286 4869
295 4902
300 4907
302 4869
304 4893
311 4872
321 4912
337 4914
343 4915
348 4906
352 4918
353 4919
369 4922
371 4923
380 4914
402 4865
408 4922
419 4918
420 4925
426 4926
427 4926
430 4884
432 4919
433 4927
434 4928
443 4929
445 4930
445 4931
446 4884
456 4881
458 4932
459 4933
461 4919
464 4932
476 4928
477 4925
482 4934
491 4935
492 4936
497 4937
498 4884
499 4938
502 4865
506 4936
507 4939
509 4904
512 4940
516 4869
519 4942
520 4865
525 4943
527 4945
528 4946
533 4869
534 4929
538 4868
541 4948
544 4949
545 4921
546 4950
547 4951
551 4869
552 4952
557 4894
558 4953
559 4953
564 4891
567 4898
570 4954
572 4955
576 4956
579 4958
581 4911
588 4937
588 4947
591 4959
593 4925
601 4871
602 4962
612 4963
614 4963
615 4964
622 4945
623 4904
624 4962
626 4965
627 4966
628 4967
631 4968
633 4966
640 4969
642 4970
644 4927
647 4965
651 4971
652 4972
655 4973
656 4974
662 4898
664 4975
665 4976
668 4976
670 4927
671 4975
675 4977
676 4977
677 4975
678 4978
679 4979
680 4975
681 4980
682 4981
683 4977
684 4971
685 4982
686 4973
687 4977
688 4983
690 4972
692 4979
693 4984
694 4927
695 4898
697 4985
699 4986
700 4987
701 4981
702 4926
703 4988
704 4958
705 4987
707 4927
708 4989
711 4898
712 4990
715 4974
716 4927
717 4974
718 4991
720 4975
721 4993
727 4981
728 4979
730 4972
731 4979
732 4898
736 4958
737 4972
739 4927
740 4984
744 4980
745 4898
746 4987
747 4978
748 4898
749 4994
752 4989
753 4987
755 4995
756 4996
758 4989
760 4898
761 4927
763 4997
765 4991
766 4979
769 4998
773 4927
774 4958
775 4860
775 4975
776 4999
778 4989
781 4994
783 5000
784 4984
786 4994
787 4999
790 4987
791 4989
792 4927
793 5001
796 5002
799 4998
801 4994
802 4997
803 5003
804 4999
806 5004
809 5004
810 4989
811 4979
813 4898
814 4967
815 5004
816 4994
817 4927
820 5005
821 4997
823 5006
824 5006
825 4998
826 4989
828 5004
829 5000
831 5006
832 4898
833 4999
834 4898
835 5007
836 4995
837 4994
838 5008
839 5009
841 5010
842 4989
843 4972
844 5009
848 4944
850 4999
851 5011
852 5010
854 4984
855 4997
856 5003
857 5012
858 5006
859 4990
861 4986
863 4898
865 4994
867 5006
868 4934
869 4989
870 5003
875 4958
876 5013
878 5008
880 5006
881 4980
882 4986
884 5014
886 5015
887 4999
888 4989
890 5010
891 5016
892 5017
896 4979
898 4981
899 4926
900 5010
902 5018
904 4981
906 4986
907 5004
908 5006
909 4958
911 5012
913 4979
917 4989
918 5018
919 5017
920 4999
921 5012
923 4927
924 5019
925 4999
927 4898
928 4926
930 5020
931 5021
932 4912
934 5014
936 4927
937 4972
938 5022
941 4944
942 4951
946 4972
948 4986
949 4934
951 5012
952 4984
953 4898
955 4989
956 5023
958 4970
959 5010
964 5012
965 5024
968 5010
969 5025
971 5026
972 4987
973 5001
975 4997
976 5027
977 5028
981 5002
985 5013
986 5010
987 5005
988 4989
990 4979
992 5028
995 5029
999 5025
1001 5030
1002 5031
1007 5023
1010 5032
1014 5029
1015 5007
1016 5030
1017 5026
1018 4979
1024 5019
1025 4958
1026 4986
1027 4970
1028 5032
1031 4993
1035 5012
1037 5010
1040 4958
1043 4972
1048 5012
1052 5007
1053 5031
1054 5033
1055 5023
1056 5021
1057 5010
1059 4974
1063 5034
1064 5022
1065 5011
1068 4927
1068 5035
1069 5024
1070 4989
1071 5033
1073 4968
1074 5036
1077 5016
1079 5034
1082 5037
1085 4999
1087 5037
1089 4988
1090 4898
1091 5006
1092 5006
1093 5038
1094 5039
1097 4999
1098 4958
1099 4927
1099 5035
1102 4996
1107 5038
1110 5039
1112 4978
1114 5025
1118 5010
1122 5012
1127 4983
1128 4989
1130 4979
1132 4986
1135 4987
1137 5015
1139 4972
1145 5027
1145 5040
1149 5042
1153 5045
1157 5047
1169 4874
1173 5047
1173 5051
1190 5055
1201 5027
1201 5040
1206 5056
1206 5057
1208 5056
1208 5057
1217 5060
1219 5062
1221 5060
1233 5064
1233 5065
1234 5064
1234 5065
1236 5064
1236 5065
1246 5067
1271 5073
1282 4883
1290 4878
1291 4878
1293 4899
1299 4874
1303 5076
1318 4946
1328 4913
1328 5079
1331 4913
1331 5079
1337 4923
1339 4913
1339 5079
1340 5053
1340 5080
1341 5069
1342 5053
1342 5080
1344 4913
1344 5079
1360 5083
1360 5084
1363 5085
1368 5086
1369 5085
1371 5083
1371 5084
1384 4969
1413 5091
1413 5092
1414 5091
1414 5092
1418 5093
1418 5094
1420 5093
1420 5094
1421 5096
1421 5097
1430 5083
1430 5098
1433 5093
1433 5094
1434 4969
1438 5099
1438 5100
1439 5096
1439 5097
1440 5101
1450 5067
1451 5099
1451 5100
1452 5099
1452 5100
1457 5102
1458 5055
1462 5094
1466 5103
1478 5106
1489 5055
1496 5107
1496 5108
1501 5107
1501 5108
1506 5042
1507 4943
1507 5110
1512 5027
1519 5111
1519 5112
1521 5113
1522 4912
1524 5089
1525 4870
1530 5116
1533 5003
1549 4989
1551 5119
1563 5121
1563 5122
1564 5123
1579 5121
1579 5122
1580 4986
1580 5125
1581 4909
1581 5125
1588 5094
1614 5020
1623 5106
1623 5126
1626 5127
1630 5128
1648 5119
1671 5074
1678 5128
1714 5001
1729 5027
1729 5140
1737 4941
1741 5115
1741 5141
1747 5048
1747 5141
1748 5142
1754 5098
1756 5027
1756 5140
1760 5027
1760 5140
1765 5143
1776 5044
1776 5145
1782 5092
1782 5146
1784 5116
1785 5146
1786 5147
1789 5044
1789 5145
1801 5149
1806 5104
1810 4948
1810 5150
1812 4913
1812 5151
1820 4913
1820 5151
1824 4948
1824 5152
1825 4913
1825 5151
1831 5127
1838 5113
1841 5155
1841 5156
1842 5123
1845 5157
1845 5158
1848 5155
1848 5156
1849 5044
1852 5157
1852 5158
1853 4913
1853 5151
1859 5159
1863 5130
1863 5161
1864 5157
1864 5158
1865 5130
1865 5161
1868 4913
1868 5151
1871 4913
1871 5151
1872 5065
1872 5162
1875 5053
1875 5162
1877 4913
1877 5151
1879 5068
1883 4913
1883 5151
1890 4913
1890 5151
1892 5151
1894 4913
1894 5151
1898 5159
1899 4876
1904 4989
1905 5163
1906 5163
1917 5164
1917 5165
1921 5065
1921 5166
1923 5065
1923 5166
1934 5049
1934 5166
1936 5167
1937 4948
1937 5150
1938 5164
1938 5165
1950 5142
1959 4943
1959 5169
1961 5101
1967 4943
1968 5167
1969 4904
1985 5171
1986 5001
2002 4960
2002 5175
2005 5176
2008 4960
2008 5175
2021 5178
2024 5027
2024 5179
2025 5180
2029 5176
2031 5027
2031 5179
2040 5027
2040 5179
2041 4913
2045 4960
2045 5175
2047 5181
2056 4989
2063 5055
2066 5170
2067 5182
2068 5182
2075 5183
2076 4969
2078 5168
2081 5184
2081 5185
2083 5184
2083 5185
2091 4943
2091 5110
2092 4862
2100 4942
2106 5186
2108 5133
2111 5186
2114 5187
2129 5149
2131 5061
2133 4907
2134 5109
2134 5189
2135 5109
2135 5189
2141 5027
2141 5190
2144 5027
2144 5190
2159 5095
2160 4948
2160 5192
2168 4948
2168 5192
2172 5129
2172 5194
2177 5044
2177 5192
2192 5196
2196 5070
2196 5196
2199 4916
2199 5198
2212 5199
2215 5137
2215 5200
2221 4916
2221 5198
2222 5071
2222 5196
2229 5053
2229 5201
2230 4919
2230 5196
2232 5053
2232 5201
2233 5053
2233 5201
2236 5053
2236 5201
2246 5183
2249 4914
2254 4986
2257 5102
2257 5202
2259 5102
2259 5202
2261 5044
2261 5140
2264 5203
2265 5102
2265 5202
2270 5204
2288 5203
2291 5204
2292 5001
2298 4934
2298 5205
2299 4955
2301 5144
2301 5205
2302 5206
2304 5182
2306 5001
2317 5062
2321 4955
2325 5126
2326 5001
2327 5207
2328 5065
2335 4903
2335 5194
2339 5167
2342 5208
2343 5208
2346 5001
2347 5117
2350 5116
2356 5090
2358 5019
2360 5210
2361 5211
2363 5005
2365 5010
2366 5211
2368 4999
2370 5212
2374 5185
2377 4989
2378 5171
2380 4924
2381 5213
2382 5214
2383 4985
2384 5215
2386 4972
2387 5213
2391 5147
2397 5171
2400 5214
2405 5216
2407 4898
2411 4999
2415 4991
2417 4980
2418 4999
2419 5214
2421 5143
2422 4984
2425 5214
2427 4964
2429 5217
2430 5213
2431 5218
2432 4919
2433 4984
2434 5219
2435 5218
2437 5220
2440 5180
2442 5219
2443 4927
2444 4999
2445 5221
2448 5221
2455 5214
2457 5222
2459 5223
2461 4999
2463 4954
2464 4999
2472 5214
2473 4999
2482 4927
2483 4863
2485 4927
2486 5223
2488 4944
2492 4924
2494 5223
2496 5217
2497 5220
2499 5191
2500 5213
2502 4927
2503 5214
2509 5213
2510 5220
2513 4924
2515 5213
2525 4999
2535 5214
2540 5187
2541 5015
2542 5217
2546 5015
2547 5224
2548 5224
2558 5216
2562 4874
2564 5225
2569 4980
2572 5226
2573 5217
2588 5219
2589 4900
2597 4989
2598 5227
2601 5005
2604 4954
2607 5228
2608 4989
2613 4958
2615 4910
2628 5229
2629 4919
2635 4910
2636 5214
2650 4910
2654 5213
2655 4898
2663 5227
2666 5230
2669 5231
2670 5220
2681 4964
2687 5231
2693 5229
2694 5213
2698 4898
2699 5213
2706 4984
2711 5232
2712 5233
2714 5228
2723 4972
2732 5212
2739 5234
2742 5233
2743 5199
2749 4927
2750 5199
2753 4898
2759 5212
2762 4944
2763 4898
2764 5095
2765 5236
2767 5222
2768 5236
2773 5210
2778 5237
2782 5238
2783 5239
2784 5005
2795 4949
2796 4910
2797 4898
2804 5240
2805 4964
2807 4917
2808 4989
2812 4891
2813 4924
2817 4989
2821 4898
2824 4991
2832 4991
2836 4898
2844 5226
2847 5232
2848 4987
2850 4898
2851 5230
2852 4949
2856 5239
2858 4927
2862 5225
2865 5231
2869 5215
2871 5242
2874 5243
2875 5244
2876 5238
2877 5245
2878 5246
2879 5246
2880 5247
2881 5244
2883 5244
2891 5238
2891 5254
2894 5247
2894 5254
2895 5255
2895 5256
2896 5238
2896 5254
2897 5255
2897 5257
2898 5238
2898 5254
2899 5258
2900 5255
2900 5257
2903 5259
2904 5260
2904 5261
2906 5244
2906 5255
2907 5238
2907 5254
2909 5244
2909 5255
2910 5244
2910 5255
2913 5244
2913 5255
2915 4945
2917 5263
2918 5255
2918 5257
2920 5255
2920 5256
2927 5244
2929 5048
2932 5250
2932 5255
2935 5244
2938 5267
2941 5268
2941 5269
2944 5268
2947 5267
2952 5261
2953 5258
2955 5168
2958 5272
2961 5274
2964 5275
2964 5276
2965 5250
2965 5277
2966 5275
2966 5276
2969 5275
2969 5276
2972 5270
2972 5277
2974 5168
2974 5278
2975 5265
2976 5249
2978 5279
2979 5250
2979 5278
2980 5280
2982 5250
2982 5278
2984 5250
2984 5278
2986 5247
2989 5248
2989 5282
2990 5283
2991 5283
2991 5284
2992 5238
2992 5285
2994 5248
2994 5282
2996 5248
2996 5282
2997 5286
3000 5250
3000 5259
3002 5289
3007 5244
3008 5291
3009 5289
3010 5292
3010 5293
3013 5226
3014 5244
3014 5292
3015 5258
3017 5244
3017 5292
3018 5294
3018 5295
3019 5294
3019 5295
3021 5296
3021 5297
3022 5238
3022 5298
3023 5249
3025 5296
3025 5297
3026 5272
3028 5244
3028 5298
3029 5299
3034 5244
3035 5273
3036 5273
3039 5292
3040 5261
3040 5301
3042 5302
3046 5249
3047 5174
3049 5244
3049 5301
3050 5250
3055 5248
3058 5246
3064 5305
3066 5306
3070 5261
3071 5244
3076 5269
3076 5283
3079 5246
3081 5238
3084 5266
3089 5244
3093 5261
3094 5272
3096 5244
3099 5244
3100 5263
3101 5284
3102 4943
3103 5307
3104 5308
3105 5250
3107 5309
3109 5309
3110 4912
3111 5310
3114 5276
3116 5226
3117 5311
3119 5238
3119 5244
3119 5300
3124 5312
3127 5250
3129 5242
3129 5313
3130 5242
3130 5313
3131 5314
3132 5312
3133 5244
3137 5307
3138 5048
3141 5277
3141 5315
3144 5246
3147 5226
3152 5261
3154 5308
3155 5244
3159 5244
3162 5246
3163 5316
3166 5048
3167 5242
3170 5308
3173 5317
3174 5318
3176 5308
3177 5250
3177 5317
3179 5316
3181 5244
3182 5174
3183 5319
3187 5271
3188 5266
3191 5276
3191 5307
3192 4945
3192 5277
3192 5316
3200 5277
3200 5292
3201 4912
3202 4876
3203 5308
3205 5197
3208 5315
3214 5306
3215 5049
3219 5244
3220 5288
3221 5076
3222 5049
3223 5242
3224 4943
3226 5250
3227 4951
3227 5105
3228 5270
3231 4951
3233 5320
3234 5174
3235 5250
3237 5242
3238 5321
3239 4948
3240 5321
3241 5322
3242 5251
3244 5130
3245 5256
3247 5246
3248 5244
3250 4948
3250 5152
3251 5246
3253 5280
3254 5309
3255 5177
3256 4948
3264 5242
3267 4945
3268 5323
3269 5242
3271 5287
3272 5250
3274 5316
3275 5281
3276 5310
3278 5323
3280 5324
3281 5249
3283 4912
3287 5261
3297 5249
3298 5250
3300 4912
3303 4912
3305 5310
3307 5243
3307 5251
3310 5327
3311 4948
3311 5152
3313 5277
3314 5242
3317 4943
3318 5299
3319 5299
3321 5294
3321 5295
3322 5328
3323 5326
3324 5329
3325 4951
3326 5251
3328 5251
3329 5323
3330 5256
3332 4917
3332 5330
3333 5287
3333 5330
3334 5287
3334 5330
3335 5048
3335 5330
3342 5244
3349 5260
3350 5244
3353 5257
3353 5332
3354 5262
3354 5333
3358 5273
3358 5275
3358 5320
3360 5169
3360 5264
3364 5112
3364 5169
3366 5333
3368 5250
3368 5331
3370 5245
3370 5333
3375 5058
3375 5317
3376 5068
3376 5264
3376 5317
3377 5242
3377 5249
3380 5335
3383 5238
3383 5335
3384 5251
3384 5335
3387 5331
3387 5336
3388 5048
3388 5337
3389 5273
3389 5337
3390 5336
3393 5048
3394 5276
3394 5338
3395 5114
3400 5244
3402 5319
3411 5242
3414 5242
3414 5273
3415 5244
3417 5266
3421 4901
3421 5293
3423 5297
3425 5154
3433 4875
3434 5325
3434 5336
3440 5320
3441 5332
3441 5339
3442 4943
3442 5111
3443 5340
3448 5324
3449 5339
3452 5248
3452 5282
3453 5248
3453 5282
3454 5341
3455 5341
3457 5327
3458 5327
3464 5273
3474 4951
3475 5342
3477 5343
3479 5344
3480 5311
3481 5244
3482 5345
3485 5343
3487 5344
3489 5345
3492 5316
3494 5242
3495 5303
3496 5286
3500 5188
3502 5314
3505 5291
3506 5114
3506 5281
3508 5242
3509 5310
3510 5244
3511 5326
3512 5245
3514 5297
3516 4883
3517 5325
3519 5324
3521 5338
3522 5297
3523 5320
3524 5320
3526 4951
3527 5328
3531 5206
3532 5322
3545 4930
3551 5346
3555 5346
3563 4919
3564 4915
3565 5347
3567 5160
3569 5348
3570 4931
3571 5349
3573 5217
3575 5350
3576 5351
3577 5352
3578 5351
3579 5351
3580 4930
3582 5351
3585 5353
3586 4937
3587 5235
3587 5353
3588 5353
3589 5353
3591 5354
3592 5354
3595 5355
3596 5266
3598 5351
3599 5356
3600 5357
3603 5235
3603 5358
3604 5359
3605 5357
3608 4937
3612 5360
3613 5357
3616 5285
3617 5357
3620 5361
3625 4913
3626 5088
3627 5362
3632 5364
3633 5358
3635 5351
3640 5365
3641 4930
3642 5232
3645 5359
3646 5349
3648 5366
3649 5366
3651 5367
3652 5352
3653 5359
3654 4913
3655 5352
3657 5368
3658 4951
3659 4937
3661 4913
3662 4945
3663 5369
3664 4913
3665 4913
3666 4945
3668 4945
3670 5370
3675 5370
3677 4951
3679 5088
3682 5371
3683 5088
3685 5372
3690 4945
3691 5369
3692 5372
3695 5235
3695 5373
3696 5371
3698 5374
3699 5217
3701 5373
3708 5375
3711 5376
3713 5359
3714 5376
3716 5241
3719 5340
3720 5373
3723 5241
3724 5044
3726 5217
3727 4913
3731 5377
3732 5375
3733 4931
3734 5241
3735 5373
3736 5241
3741 5241
3747 5241
3748 5217
3749 5378
3750 5379
3751 5380
3752 5381
3753 5382
3756 5241
3757 5383
3760 5241
3765 5382
3766 5241
3768 5384
3772 5385
3773 5217
3775 5386
3776 5387
3778 5365
3780 5384
3781 5241
3784 5241
3787 5357
3789 5377
3790 5241
3792 5241
3796 5388
3798 4919
3800 5386
3802 5357
3804 5217
3805 5241
3806 5389
3808 5390
3809 5391
3816 5391
3818 5392
3820 5393
3823 5217
3825 5241
3826 5380
3827 5388
3832 5394
3834 5395
3836 5396
3837 5397
3841 5241
3850 5241
3852 5398
3856 5364
3857 5398
3858 5399
3859 5217
3861 5395
3862 5397
3863 5356
3867 5217
3869 5400
3870 4919
3871 5401
3872 5402
3873 5403
3874 5395
3875 4907
3881 5400
3883 5241
3885 4930
3886 5402
3887 5404
3892 5405
3893 5383
3894 5406
3895 5241
3896 5404
3898 5393
3900 5407
3906 5408
3913 5406
3915 5407
3916 5348
3917 5241
3919 5217
3922 5407
3923 5399
3928 5409
3932 5410
3935 5410
3938 5411
3942 5412
3945 5412
3947 4953
3948 5392
3951 5413
3953 5414
3956 5405
3959 5415
3963 5241
3964 5409
3967 4919
3969 5414
3971 5273
3975 5352
3976 5410
3980 5416
3985 5217
3987 5410
3988 5403
3989 5415
3990 5235
3990 5360
3991 5241
3992 5417
3996 5418
3997 5416
3999 4896
3999 5418
4002 5362
4007 5419
4010 5420
4011 5232
4012 5421
4013 5416
4017 5334
4019 5416
4022 5422
4025 5422
4031 5423
4035 5423
4036 5423
4038 5423
4039 5395
4040 5395
4042 5389
4043 5424
4046 5094
4047 5217
4050 5392
4054 5423
4055 5395
4057 5413
4060 5420
4066 5425
4068 5421
4071 5364
4072 4940
4075 5426
4077 5414
4079 5427
4083 4907
4086 5217
4096 5428
4102 5217
4104 5429
4107 4989
4109 4940
4110 5429
4114 5217
4115 4989
4117 5425
4119 5350
4124 5363
4125 5430
4126 5387
4129 4931
4132 5420
4135 5431
4139 5395
4148 5432
4149 5394
4150 5433
4151 5434
4154 5433
4156 5433
4157 5435
4159 5433
4160 4939
4163 5433
4166 5434
4168 5428
4170 5436
4171 5357
4172 5384
4176 5217
4177 5437
4180 5437
4185 5401
4187 5438
4188 5437
4193 5438
4196 5439
4198 5426
4199 5426
4200 5426
4203 5439
4209 5440
4213 4989
4215 5440
4218 5239
4218 5441
4220 5442
4226 5436
4227 5217
4230 5394
4231 4940
4237 5103
4238 5103
4240 5103
4241 5103
4242 5443
4243 5217
4245 5217
4247 5027
4247 5371
4249 5374
4250 5444
4252 5239
4256 4940
4258 5445
4260 5445
4261 4912
4263 5239
4269 5103
4270 5424
4272 4931
4273 5239
4274 5347
4274 5442
4276 5103
4280 5446
4282 4940
4283 4972
4286 5444
4288 5217
4289 5447
4292 5239
4293 5240
4297 5448
4299 5356
4303 5431
4304 5239
4305 5447
4310 5361
4311 4931
4312 5413
4320 5103
4321 5217
4322 4919
4323 5433
4324 5239
4325 4940
4326 5449
4329 5103
4330 5449
4331 5449
4334 5450
4338 5239
4340 5367
4344 5237
4345 5385
4346 5240
4348 4940
4351 5450
4352 5370
4356 4940
4361 5411
4362 5442
4364 4940
4366 5237
4369 4913
4371 5237
4377 5385
4379 5451
4380 5451
4381 5451
4382 5217
4384 5452
4386 4920
4387 5364
4389 5217
4392 5453
4396 4940
4398 5217
4402 5217
4403 5237
4406 5237
4408 5237
4409 5454
4410 5455
4411 5241
4413 4940
4414 5241
4415 5241
4417 5241
4420 5266
4421 4940
4422 5365
4423 5103
4426 5456
4430 4919
4436 5408
4438 5457
4441 5239
4444 5240
4445 5237
4446 5239
4447 5369
4449 5103
4452 5217
4453 5458
4454 5451
4455 5241
4456 5458
4458 5241
4459 5432
4460 5459
4461 5460
4462 4919
4463 5217
4465 4940
4466 4912
4467 4940
4468 5241
4470 5241
4471 5371
4472 4940
4474 5103
4475 4931
4476 5456
4477 5461
4479 4915
4481 4940
4482 5103
4484 4940
4485 5103
4488 4940
4489 5362
4490 5217
4491 4940
4492 5241
4493 5462
4494 5239
4496 5103
4497 5241
4500 5217
4504 5461
4505 5241
4506 5241
4507 5241
4508 4919
4509 5363
4510 4937
4511 5351
4512 5351
4512 5463
4513 5427
4514 5239
4516 5462
4517 5464
4520 4940
4521 5181
4523 4940
4524 5465
4525 4931
4526 5464
4527 5466
4528 5465
4529 5466
4530 5363
4531 5239
4532 4940
4533 5457
4535 5466
4536 5217
4537 5241
4538 5287
4543 5357
4546 5460
4551 4943
4554 5240
4555 5363
4556 5467
4557 5357
4559 5465
4560 4919
4561 5357
4563 5427
4564 5467
4565 5417
4566 4903
4567 4931
4569 5457
4569 5463
4570 4915
4571 4931
4572 4931
4573 4931
4575 5103
4577 5235
4577 5468
4579 5419
4580 5419
4581 5419
4585 5239
4586 5468
4587 5363
4588 5363
4589 5433
4591 5217
4595 4940
4596 5411
4598 4940
4600 4940
4601 4919
4603 5469
4604 5401
4605 5466
4606 5469
4607 5217
4609 5470
4610 5470
4614 5413
4615 5239
4617 5356
4618 5240
4619 4972
4620 4919
4621 5239
4625 5217
4626 5241
4627 4931
4628 5217
4629 4939
4631 5103
4633 4939
4634 5396
4635 5369
4637 5383
4639 5356
4642 5217
4643 5454
4645 4940
4646 5239
4647 5217
4648 4915
4651 4931
4652 5240
4654 5452
4657 5103
4658 5430
4659 5239
4660 5356
4661 4912
4662 5241
4663 5217
4664 5181
4665 5181
4666 5240
4667 4931
4668 5459
4669 5241
4671 5217
4672 5241
4674 4931
4675 5241
4678 5241
4679 5471
4680 4931
4681 5217
4683 4919
4684 5239
4686 4919
4687 5471
4688 5240
4689 5103
4692 5363
4694 5363
4695 5472
4696 5363
4697 5471
4698 5241
4699 5241
4700 5241
4701 4931
4702 4931
4703 5430
4705 5472
4707 5369
4708 5240
4709 4931
4710 4931
4711 5357
4712 5217
4715 4919
4718 5241
4719 4931
4721 5241
4722 5181
4723 4915
4724 5355
4727 5394
4728 5453
4729 5241
4730 5457
4734 4940
4735 5381
4736 5363
4739 5473
4740 5217
4741 4919
4743 4919
4744 5103
4745 5379
4747 5411
4749 4931
4750 5473
4752 5378
4753 5241
4756 5433
4757 5363
4760 5217
4761 4940
4767 5446
4768 5217
4769 5287
4770 5435
4773 5241
4774 4940
4777 5240
4778 5427
4780 4919
4782 5441
4789 4951
4791 4931
4796 5103
4797 5474
4798 5390
4799 5474
4800 5103
4801 5474
4802 4940
4803 4919
4803 5475
4804 5240
4807 5086
4808 4939
4809 4943
4811 5476
4813 5094
4814 5476
4815 4940
4817 5217
4818 4915
4819 5394
4820 5455
4821 5443
4822 5077
4823 5477
4825 5266
4826 5356
4828 5475
4829 5266
4830 4940
4830 5172
4831 5478
4832 5478
4833 5475
4834 5237
4835 5241
4836 5241
4837 5237
4838 5368
4840 5217
4841 5457
4842 5414
4845 5217
4846 5217
4850 5239
4851 5237
4852 4919
4854 5479
4856 4940
4859 5479
